2021-10-27T10:47:35 12.32 0.66 1027.41 0.505
2020-09-11T17:27:11 23.3112 0.63 1093.12 0.82
2019-10-05T17:22:22 65.42 0.12 999.43 0.29
2020-10-23T17:33:33 13.35322 0.68 1013.11 0.9
2021-09-22T17:44:44 43.11 0.99 1011.91 0.44
2021-11-19T17:00:22 9.32 0.45 1021.00 0.63
2021-11-19T17:15:28 11.32 0.32 1022.00 0.56
2021-11-19T17:30:06 12.32 0.19 1012.00 0.29
2021-11-19T17:45:55 16.32 0.11 1028.00 0.33
2021-11-19T17:59:55 12.32 0.71 1024.00 0.91
2021-11-19T18:22:55 13.32 0.31 1025.00 0.95
2021-11-19T19:30:55 14.32 0.82 1025.00 0.65
2021-11-19T20:15:55 18.32 0.73 1025.00 0.16
2021-11-19T20:30:55 19.32 0.79 1026.00 0.74